Locus	Obs. Het. BP	Obs FST	FST P-value	1-FST quantile	(if P-value=2 -> uncomputed value because Obs.Het.BP is out of simulated bounds)
1	0.427042	0.149961	0.110817	0.11081687
2	0.20439453	0.39951033	1.4227042e-006	1.4227042e-006
3	0.38989523	0.24366266	0.003056848	0.003056848
4	0.38989523	0.24366266	0.003056848	0.003056848
5	0.18103022	0.10802413	0.29309467	0.29309467
6	0.10137478	0.0075184626	0.068495581	0.93150442
7	0.10137478	0.0075184626	0.068495581	0.93150442
8	0.23730773	0.35509969	2.2911748e-007	2.2911748e-007
9	0.021887271	-0.0057251561	0.20401391	0.79598609
10	0.098272122	0.57943577	0.00016711821	0.00016711821
11	0.37115905	0.27356356	0.00023364062	0.00023364062
12	0.26835255	0.10272808	0.37495343	0.37495343
13	0.24219693	0.11914261	0.24862635	0.24862635
14	0.11342004	0.062590074	0.39643191	0.60356809
15	0.49828129	0.22661543	0.0029959785	0.0029959785
16	0.12407657	0.12907208	0.21270617	0.21270617
17	0.17538684	0.51566207	3.0924934e-012	3.0924934e-012
18	0.29309513	0.24961155	0.0034573801	0.0034573801
19	0.10405206	0.074293088	0.49219604	0.50780396
20	0.10895577	0.041002793	0.24704312	0.75295688
21	0.50731157	0.19815045	0.010707855	0.010707855
22	0.17039967	0.11881384	0.23106973	0.23106973
23	0.48999183	0.19872078	0.010747206	0.010747206
24	0.38446268	0.32975612	3.3922084e-011	3.3922084e-011
25	0.2479814	0.55086176	7.3405641e-085	7.3405641e-085
26	0.37827221	0.22608268	0.0060775811	0.0060775811
27	0.37169506	0.28420681	3.8665194e-005	3.8665194e-005
28	0.32937887	0.13144226	0.16381141	0.16381141
29	0.29902375	0.070477497	0.38079913	0.61920087
30	0.18013901	0.50607782	1.341305e-010	1.341305e-010
31	0.10214058	0.096042252	0.37009814	0.37009814
32	0.11684778	0.174034	0.093037854	0.093037854
33	0.38992982	0.3235781	7.1894132e-010	7.1894132e-010
34	0.42346734	0.27362693	0.00028138694	0.00028138694
35	0.37303134	0.2914117	8.0452728e-006	8.0452728e-006
36	0.43455198	0.2652267	0.00071933383	0.00071933383
37	0.27984761	0.16821056	0.072051963	0.072051963
38	0.18320112	0.18396967	0.049822354	0.049822354
39	0.12699527	0.65123128	6.9574301e-065	6.9574301e-065
40	0.13192689	0.085530738	0.44076422	0.44076422
41	0.23357173	0.10186162	0.34820456	0.34820456
42	0.20088544	0.2529737	0.0080793576	0.0080793576
43	0.1296324	0.22814684	0.02630108	0.02630108
44	0.12723949	0.08032285	0.47878745	0.47878745
45	0.39162738	0.15629305	0.083917619	0.083917619
46	0.02584679	0.022254459	0.49518031	0.50481969
47	0.18112101	-0.037100414	0.00081454179	0.99918546
48	0.15795118	0.04846923	0.2574106	0.7425894
49	0.49676913	0.021822333	0.061844556	0.93815544
50	0.24807625	0.016906212	0.069638189	0.93036181
52	0.027142567	-0.019540868	0.04963943	0.95036057
53	0.38269644	0.1604616	0.072172115	0.072172115
54	0.36722711	0.095536443	0.39425726	0.39425726
55	0.36629556	-0.0034337883	0.012752393	0.98724761
56	0.096787662	-0.0054251579	0.031560038	0.96843996
57	0.46882307	-0.0080179297	0.010206751	0.98979325
58	0.22790558	0.039153508	0.18697195	0.81302805
59	0.23267984	0.04166788	0.20239522	0.79760478
60	0.49769175	0.050985656	0.20892731	0.79107269
61	0.11577203	0.11928933	0.25720004	0.25720004
62	0.17102334	0.25435998	0.0090274739	0.0090274739
63	0.24379729	0.39141859	9.25658e-014	9.25658e-014
64	0.16964971	0.48817731	1.474602e-007	1.474602e-007
65	0.28920579	0.23411632	0.0067940436	0.0067940436
66	0.11940128	0.024312682	0.13011703	0.86988297
67	0.15137643	0.78632728	1.020398e-167	1.020398e-167
68	0.044838417	0.14310187	0.15098316	0.15098316
69	0.27515185	0.015751506	0.060502348	0.93949765
70	0.43362283	0.017940696	0.0593013	0.9406987
71	0.19135757	0.019972211	0.079049411	0.92095059
72	0.10304071	0.041408933	0.2591551	0.7408449
73	0.22303072	0.0039404198	0.034199961	0.96580004
74	0.12968991	0.084963636	0.44596023	0.44596023
75	0.13373941	0.093584565	0.38646915	0.38646915
76	0.10967853	0.12262146	0.24451315	0.24451315
77	0.29833226	0.18911606	0.034797856	0.034797856
78	0.29072606	0.032450668	0.12552589	0.87447411
79	0.12949812	0.053389085	0.31244673	0.68755327
80	0.11454714	0.076547754	0.49780993	0.50219007
81	0.024849778	-0.012372532	0.11230931	0.88769069
82	0.49869132	0.10149811	0.3644376	0.3644376
83	0.47662132	0.044545617	0.1706823	0.8293177
84	0.21744882	0.035794329	0.16631215	0.83368785
85	0.17991692	0.078009793	0.49543905	0.50456095
86	0.48338219	0.036525437	0.12365745	0.87634255
87	0.12258614	0.010586723	0.066395372	0.93360463
88	0.49791899	0.01216458	0.037112554	0.96288745
89	0.35055686	0.049287249	0.21894172	0.78105828
90	0.27038428	0.0063717601	0.036431286	0.96356871
91	0.19812262	0.10961423	0.2938851	0.2938851
92	0.36161035	0.04999176	0.22406214	0.77593786
93	0.11456205	0.079365339	0.48245607	0.48245607
94	0.47481743	0.056718869	0.25758976	0.74241024
95	0.1469426	0.11888051	0.23953332	0.23953332
96	0.15838784	0.091041431	0.39607083	0.39607083
97	0.13543068	0.052125339	0.29946173	0.70053827
98	0.10056062	0.068848454	0.45748353	0.54251647
99	0.12416249	0.10818526	0.30675648	0.30675648
100	0.07519566	-0.0067123646	0.040661299	0.9593387
101	0.18279536	0.40404155	0.00018032439	0.00018032439
102	0.043296915	0.14164569	0.14608722	0.14608722
103	0.25771536	0.31357958	0.00052471583	0.00052471583
104	0.16963649	0.63820375	1.5175858e-057	1.5175858e-057
105	0.47965933	0.34484874	2.1507412e-015	2.1507412e-015
106	0.21790787	0.45611556	5.0639408e-035	5.0639408e-035
107	0.41721511	0.20520201	0.01051345	0.01051345
108	0.10111834	0.013007351	0.092031905	0.9079681
109	0.31352376	0.43782308	4.4215011e-046	4.4215011e-046
110	0.16244115	0.18803963	0.045800013	0.045800013
111	0.19812273	0.047362511	0.23818632	0.76181368
112	0.49651683	0.054833061	0.2379496	0.7620504
113	0.18718034	0.14166609	0.13317391	0.13317391
114	0.14304376	0.032735515	0.15615045	0.84384955
115	0.046635686	0.060472406	0.48606482	0.48606482
116	0.019854198	-0.013679119	0.10356685	0.89643315
117	0.25257601	0.085348283	0.49060684	0.49060684
118	0.098776495	0.074117431	0.49570158	0.50429842
119	0.4544289	0.045041151	0.17435454	0.82564546
120	0.37738345	0.095925596	0.39649586	0.39649586
121	0.34911632	0.09969773	0.3596053	0.3596053
122	0.1598766	0.020113321	0.083229104	0.9167709
123	0.11998711	0.033868035	0.18441676	0.81558324
124	0.043245485	0.0084133233	0.23576688	0.76423312
125	0.39343108	0.082221664	0.48053303	0.51946697
126	0.2021318	-0.026744136	0.0025665474	0.99743345
127	0.17376266	0.042051613	0.19974406	0.80025594
128	0.10147629	0.0052201276	0.059865155	0.94013484
129	0.39794482	0.014351656	0.052817066	0.94718293
130	0.1228605	0.12604718	0.22530031	0.22530031
131	0.49887627	0.041598006	0.1473677	0.8526323
132	0.11279198	0.044190561	0.26240951	0.73759049
133	0.14787429	0.12849188	0.19558809	0.19558809
134	0.33540059	0.12518904	0.19381218	0.19381218
135	0.1038668	0.28576552	0.015396678	0.015396678
136	0.32278756	0.061601858	0.3246783	0.6753217
137	0.337228	0.012114202	0.040831011	0.95916899
138	0.25672136	0.034671195	0.14468953	0.85531047
139	0.21085957	0.050236064	0.26391929	0.73608071
140	0.44755009	0.05080893	0.2132751	0.7867249
141	0.48233798	0.049232448	0.20060139	0.79939861
142	0.10741826	0.12707703	0.22741775	0.22741775
143	0.11788577	0.068461533	0.43586992	0.56413008
144	0.32586277	-0.02214845	0.0020049699	0.99799503
145	0.30862698	-0.018467519	0.0039140337	0.99608597
146	0.10287532	0.0040512568	0.055003686	0.94499631
147	0.12079094	0.029241441	0.15595569	0.84404431
148	0.30074671	0.0095169776	0.041638867	0.95836113
149	0.3188364	-0.0026692025	0.015592744	0.98440726
150	0.45106709	0.082595312	0.47132172	0.52867828
151	0.12640121	0.068092005	0.42946319	0.57053681
152	0.4877497	0.0040809625	0.022946187	0.97705381
153	0.34830771	0.15237199	0.090340324	0.090340324
154	0.49719434	0.15398016	0.073363335	0.073363335
155	0.44517515	0.0090783223	0.032725617	0.96727438
156	0.084532047	0.10718242	0.30705525	0.30705525
157	0.14698736	-0.0026026952	0.022451918	0.97754808
158	0.2848466	-0.023290608	0.0029949025	0.9970051
159	0.27282953	0.058613911	0.28272368	0.71727632
160	0.12664449	0.1967223	0.052972153	0.052972153
161	0.12354094	0.0049663952	0.047557285	0.95244271
162	0.48568479	0.018463584	0.052919451	0.94708055
163	0.37676105	0.019016869	0.059841872	0.94015813
164	0.12116459	0.067244323	0.424904	0.575096
165	0.48152106	0.01231423	0.037743919	0.96225608
166	0.30097321	0.040630258	0.17032171	0.82967829
167	0.30064962	0.027517168	0.10349427	0.89650573
168	0.43763851	0.034964784	0.12541172	0.87458828
169	0.37238178	0.041577212	0.16492292	0.83507708
170	0.2786414	0.011570968	0.047663298	0.9523367
171	0.24297231	0.07640669	0.45184823	0.54815177
172	0.2829193	0.0093035599	0.041627433	0.95837257
173	0.1285029	0.13491784	0.18727123	0.18727123
174	0.49025048	0.034412376	0.11158244	0.88841756
175	0.11717221	-0.00572744	0.024453557	0.97554644
176	0.50111004	0.084455199	0.49039022	0.50960978
177	0.056112762	0.17194156	0.12344398	0.12344398
178	0.1445018	0.027830262	0.12715209	0.87284791
179	0.22450396	0.015782493	0.067808785	0.93219122
180	0.24761504	0.05713829	0.29542904	0.70457096
181	0.27010935	0.094687466	0.43493083	0.43493083
182	0.11027479	0.024463133	0.14143831	0.85856169
183	0.22211447	0.050783313	0.26928948	0.73071052
184	0.11238554	0.10687068	0.31645413	0.31645413
185	0.14569396	0.083531548	0.45252032	0.45252032
186	0.33529776	0.055042073	0.26760433	0.73239567
187	0.22709216	0.080311548	0.4965101	0.5034899
188	0.36198729	0.050391843	0.22691172	0.77308828
189	0.18307012	0.099908417	0.34412756	0.34412756
190	0.47434904	0.034574286	0.11547808	0.88452192
191	0.48598045	-0.080768902	1.1970668e-007	0.99999988
192	0.48598045	-0.080768902	1.1970668e-007	0.99999988
193	0.44582819	0.049113413	0.20220399	0.79779601
194	0.098894457	0.064558227	0.42901033	0.57098967
195	0.3672934	0.062338714	0.32206025	0.67793975
196	0.10742088	0.10225961	0.33886076	0.33886076
197	0.49006228	0.040775996	0.144779	0.855221
198	0.47443223	0.024375583	0.072439587	0.92756041
199	0.16896766	0.070788286	0.44086315	0.55913685
200	0.16245384	0.079987573	0.47930008	0.47930008
201	0.25187874	0.50615705	7.9185809e-058	7.9185809e-058
202	0.15103452	0.057807836	0.33889387	0.66110613
203	0.16914427	0.0034178121	0.031315485	0.96868452
204	0.12377974	0.061289217	0.37753895	0.62246105
205	0.12991151	0.53631127	6.6597815e-017	6.6597815e-017
206	0.18046447	0.72436286	1.2511239e-114	1.2511239e-114
207	0.51007875	0.17336736	0.032803976	0.032803976
208	0.28584823	0.035162619	0.13853862	0.86146138
209	0.48551192	0.057030237	0.25831768	0.74168232
210	0.23850966	0.020207406	0.084062557	0.91593744
211	0.17117472	0.079593353	0.48644279	0.48644279
212	0.17912713	0.035125098	0.15383639	0.84616361
213	0.47322882	0.070689581	0.37555847	0.62444153
214	0.12889112	0.015217832	0.080136789	0.91986321
215	0.23605721	0.067974085	0.39447345	0.60552655
216	0.45312475	0.022073732	0.065819044	0.93418096
217	0.42015318	0.028075533	0.099329632	0.90067037
218	0.11789169	-0.0087657841	0.019173141	0.98082686
219	0.21079446	0.03017242	0.1316012	0.8683988
220	0.18757826	0.028404619	0.11729658	0.88270342
221	0.11821368	0.01332845	0.07954952	0.92045048
222	0.27850742	0.0068967754	0.036175103	0.9638249
223	0.10884785	-0.031152585	0.0025240223	0.99747598
224	0.22608859	-0.0052374762	0.018065993	0.98193401
225	0.2716991	0.016026914	0.062136555	0.93786345
226	0.12079347	-0.017429138	0.0088257602	0.99117424
227	0.49801541	0.073145095	0.39165879	0.60834121
228	0.36098309	0.015721767	0.048135827	0.95186417
229	0.35431966	0.28171672	5.4217873e-005	5.4217873e-005
230	0.1455661	-0.037617022	0.0010873284	0.99891267
231	0.12341017	0.059573832	0.36445079	0.63554921
232	0.14790917	0.010603832	0.053347668	0.94665233
233	0.11991558	0.044390516	0.25410603	0.74589397
234	0.31181921	0.27685856	0.00029116197	0.00029116197
235	0.39244368	0.23725882	0.0040304338	0.0040304338
236	0.51169497	0.21289161	0.0049003596	0.0049003596
237	0.39686274	0.32196774	1.8137694e-009	1.8137694e-009
238	0.052978465	0.00064036335	0.10551184	0.89448816
239	0.45880456	0.16906175	0.048039068	0.048039068
240	0.098118059	0.01869654	0.12370116	0.87629884
241	0.32363804	0.16511746	0.063223042	0.063223042
242	0.16196975	0.31517753	0.0042055629	0.0042055629
243	0.34398713	0.084538624	0.48267943	0.48267943
244	0.48642306	0.26525675	0.00031839945	0.00031839945
245	0.42324346	0.15779094	0.08616913	0.08616913
246	0.032253619	0.19874607	0.049986566	0.049986566
247	0.35567594	0.068661775	0.38041469	0.61958531
248	0.2919357	0.0087516462	0.03990679	0.96009321
249	0.14980276	-0.013966398	0.0087589503	0.99124105
250	0.42949074	0.020190389	0.06776428	0.93223572
251	0.19676055	0.13154729	0.17680257	0.17680257
252	0.48579868	0.034599174	0.11356658	0.88643342
253	0.14016247	0.066059741	0.41091624	0.58908376
254	0.15604459	0.040201942	0.19653585	0.80346415
255	0.24949791	0.037161649	0.1621327	0.8378673
256	0.49047585	5.6668174e-005	0.01770362	0.98229638
257	0.49047585	5.6668174e-005	0.01770362	0.98229638
258	0.44119556	0.055762006	0.24885191	0.75114809
259	0.28024827	0.13706459	0.17093012	0.17093012
260	0.2553292	0.071405113	0.39309948	0.60690052
261	0.16344689	0.044946433	0.22566936	0.77433064
262	0.23746295	0.051248357	0.26608735	0.73391265
263	0.28880227	0.13767898	0.16309319	0.16309319
264	0.43153227	0.058006095	0.26764101	0.73235899
265	0.14091479	0.22367379	0.024165442	0.024165442
266	0.48409648	0.093596401	0.42797758	0.42797758
267	0.12332629	-0.015309929	0.010369351	0.98963065
268	0.34590535	-0.00018831558	0.016798044	0.98320196
269	0.1028488	0.02297364	0.14212234	0.85787766
270	0.50437825	0.15525295	0.06908861	0.06908861
271	0.19622641	0.052059037	0.2741216	0.7258784
272	0.32938097	0.1173213	0.23885277	0.23885277
273	0.50723741	0.19841253	0.010572617	0.010572617
274	0.37557688	0.11887387	0.23417161	0.23417161
275	0.32132588	0.16499027	0.064097433	0.064097433
276	0.45218275	0.55519014	1.4103488e-123	1.4103488e-123
277	0.11132783	0.14049865	0.18040077	0.18040077
278	0.11132783	0.14049865	0.18040077	0.18040077
279	0.10132124	0.014983784	0.10131477	0.89868523
280	0.37755833	0.028746663	0.097083324	0.90291668
281	0.030869498	-0.018692987	0.052361967	0.94763803
282	0.030820209	-0.020322104	0.04328094	0.95671906
283	0.29515866	0.048195569	0.21594401	0.78405599
284	0.11186927	0.072111819	0.46831623	0.53168377
285	0.061073287	0.045097425	0.36855274	0.63144726
286	0.38287707	0.12546616	0.20232264	0.20232264
287	0.37737057	0.0020858229	0.020382088	0.97961791
288	0.34465075	-0.018984813	0.0033324722	0.99666753
289	0.13145203	-0.0048394045	0.022767821	0.97723218
290	0.49941944	0.063648195	0.30916604	0.69083396
291	0.12345263	0.041305591	0.22911709	0.77088291
292	0.4989045	0.11259644	0.28007706	0.28007706
293	0.26931892	0.034904077	0.14050315	0.85949685
294	0.47574668	0.050802042	0.21286149	0.78713851
295	0.40309561	0.021336876	0.07646576	0.92353424
296	0.46408879	0.096950261	0.40373049	0.40373049
297	0.16343446	0.045817796	0.23232624	0.76767376
298	0.49175054	0.039243998	0.13568315	0.86431685
299	0.23318547	0.1423292	0.14173173	0.14173173
300	0.14657279	0.01796649	0.079635852	0.92036415
301	0.4242681	0.19022892	0.022212495	0.022212495
302	0.17147264	0.019691673	0.077838967	0.92216103
303	0.25514161	0.074382551	0.41726043	0.58273957
304	0.10815977	0.028629466	0.16832726	0.83167274
305	0.10764685	0.065902076	0.42829655	0.57170345
306	0.10812599	0.27380035	0.018379076	0.018379076
307	0.10812599	0.27380035	0.018379076	0.018379076
308	0.33951577	-0.011878471	0.0062752069	0.99372479
309	0.1075768	0.044122963	0.27070849	0.72929151
310	0.095777536	-0.012181867	0.01905605	0.98094395
311	0.096895995	0.031103208	0.19907945	0.80092055
312	0.50202861	0.068359174	0.34910117	0.65089883
313	0.30585021	-0.025457416	0.0018256288	0.99817437
314	0.10304816	0.56167421	0.00012223679	0.00012223679
315	0.30171737	0.23198241	0.0061742305	0.0061742305
316	0.13648109	0.079409281	0.48426355	0.48426355
317	0.36216385	0.075456491	0.43848125	0.56151875
318	0.18423529	0.090652878	0.40850386	0.40850386
319	0.47045576	0.21433766	0.0055821518	0.0055821518
320	0.19820166	0.18766429	0.045766769	0.045766769
321	0.22083926	0.089099621	0.4363414	0.4363414
322	0.50584869	0.3919179	7.6003163e-031	7.6003163e-031
323	0.36151597	0.25007707	0.0021960277	0.0021960277
324	0.11951853	0.061414271	0.381114	0.618886
325	0.12010216	0.034952164	0.19105057	0.80894943
326	0.11319034	0.12006826	0.25447543	0.25447543
327	0.33983755	0.44731943	1.2613836e-054	1.2613836e-054
328	0.14615772	0.48381466	6.9460401e-007	6.9460401e-007
329	0.26270281	0.27876609	0.0020494913	0.0020494913
330	0.096239498	0.2157929	0.058865436	0.058865436
331	0.30632193	0.21033416	0.013328159	0.013328159
332	0.22702707	0.42210073	2.8810218e-022	2.8810218e-022
333	0.039951812	0.12034298	0.17583676	0.17583676
334	0.22398671	0.41994513	1.0184061e-021	1.0184061e-021
335	0.19080812	0.14927408	0.11131431	0.11131431
336	0.38718434	0.17655315	0.040073203	0.040073203
337	0.14207729	0.54123488	4.2937261e-018	4.2937261e-018
338	0.49539243	0.15540589	0.069628605	0.069628605
339	0.096266987	0.15662416	0.14358468	0.14358468
340	0.24589047	0.1075327	0.3213709	0.3213709
341	0.37830166	0.10154813	0.35359829	0.35359829
342	0.10303629	0.055495901	0.35895142	0.64104858
343	0.25132538	0.29573544	0.0014074113	0.0014074113
344	0.24824412	0.17305878	0.064897126	0.064897126
345	0.46334492	0.20701738	0.0074602727	0.0074602727
346	0.33195169	0.21665016	0.0064901532	0.0064901532
347	0.49689199	0.11002235	0.29862358	0.29862358
348	0.026179802	-0.0089875576	0.15021033	0.84978967
349	0.3779602	0.34327301	1.0763933e-014	1.0763933e-014
350	0.13159302	0.23153633	0.023070214	0.023070214
351	0.10495455	0.1240184	0.2396179	0.2396179
352	0.12459269	0.5894488	2.1698236e-019	2.1698236e-019
353	0.29001453	0.10829418	0.33525644	0.33525644
354	0.29134313	0.37427703	5.8190797e-011	5.8190797e-011
355	0.46072541	0.20820158	0.0072397061	0.0072397061
356	0.13221715	0.02454665	0.12017283	0.87982717
357	0.11401524	0.021125343	0.11930876	0.88069124
358	0.29612428	0.039645551	0.16405766	0.83594234
359	0.50117602	0.018464786	0.052179517	0.94782048
360	0.2466925	-0.035476903	0.00072938807	0.99927061
361	0.15782778	0.013853456	0.06084119	0.93915881
362	0.40349406	-0.0010312768	0.018846594	0.98115341
363	0.09981564	0.049896952	0.32294188	0.67705812
364	0.11321862	0.069355135	0.4468117	0.5531883
365	0.17168192	0.14166621	0.13364369	0.13364369
366	0.16053723	0.017022683	0.071041142	0.92895886
367	0.18553446	0.062505761	0.36212728	0.63787272
368	0.13464726	0.012494774	0.06661798	0.93338202
369	0.21374437	0.066383338	0.39122966	0.60877034
370	0.35754155	0.012803969	0.040259763	0.95974024
371	0.42923257	0.19723611	0.014796873	0.014796873
372	0.45445752	0.16569066	0.056666439	0.056666439
373	0.16375858	0.071913761	0.45340207	0.54659793
374	0.11857827	0.13208422	0.20516903	0.20516903
375	0.3261139	-0.015514409	0.004335687	0.99566431
376	0.41410129	0.0094267437	0.039287888	0.96071211
377	0.29680464	0.023677915	0.087436329	0.91256367
378	0.21704	0.0098426535	0.049281946	0.95071805
379	0.1150451	0.015862044	0.093068671	0.90693133
380	0.024849804	-0.012371489	0.11232071	0.88767929
381	0.11927394	0.53022412	2.6257263e-007	2.6257263e-007
382	0.13985986	0.14713366	0.1357696	0.1357696
383	0.45657077	0.10158021	0.37448444	0.37448444
384	0.18617753	0.018296663	0.072486579	0.92751342
385	0.10933639	-0.008910711	0.0208323	0.9791677
386	0.31047616	0.079868516	0.4675763	0.5324237
387	0.15948034	0.023534284	0.098142405	0.90185759
388	0.12921635	0.020080929	0.10070694	0.89929306
389	0.42843009	0.26343156	0.000751259	0.000751259
390	0.44677716	0.10290036	0.37027702	0.37027702
391	0.26480614	-0.023181912	0.0037772556	0.99622274
392	0.16649319	0.011835933	0.052404704	0.9475953
393	0.20074668	0.041803238	0.19871297	0.80128703
394	0.28694135	0.022707779	0.083337658	0.91666234
395	0.17467766	0.071813383	0.44639328	0.55360672
396	0.41866443	0.19311319	0.019565941	0.019565941
397	0.21083306	0.0090315257	0.046236269	0.95376373
398	0.096100275	0.048068836	0.31538914	0.68461086
399	0.45206994	0.05171784	0.21897923	0.78102077
400	0.097603148	0.0023569553	0.052573319	0.94742668
401	0.18509177	0.10562821	0.30906752	0.30906752
402	0.035649459	0.057408557	0.3967224	0.3967224
403	0.1551524	-0.0060378721	0.01652514	0.98347486
404	0.067179066	0.17444129	0.11885829	0.11885829
405	0.21243685	0.05217407	0.27958729	0.72041271
406	0.18461189	0.020294645	0.079924104	0.9200759
407	0.23734685	-0.00075568573	0.024819843	0.97518016
408	0.1395268	0.024719548	0.11498721	0.88501279
409	0.47214593	0.057251924	0.26204554	0.73795446
410	0.50272291	0.027702324	0.08165316	0.91834684
411	0.49076244	0.063123441	0.30694506	0.69305494
412	0.16484693	0.066570648	0.40708673	0.59291327
413	0.16511258	0.068072443	0.41997354	0.58002646
414	0.086255248	0.027246564	0.19075032	0.80924968
415	0.39944199	0.11274236	0.29294488	0.29294488
416	0.32850137	0.043427583	0.18439196	0.81560804
417	0.10814599	0.014877305	0.094448906	0.90555109
418	0.14452734	0.054507534	0.31366548	0.68633452
419	0.20557909	0.19484438	0.039083073	0.039083073
420	0.36925716	0.0010455081	0.018043504	0.9819565
421	0.031188556	0.11481594	0.15519471	0.15519471
422	0.031188556	0.11481594	0.15519471	0.15519471
423	0.31222223	0.049727909	0.23233265	0.76766735
424	0.12937749	0.10043113	0.34703106	0.34703106
425	0.5010041	0.02200993	0.062391696	0.9376083
426	0.11255444	0.0094368415	0.068126236	0.93187376
427	0.48924687	-0.0021203532	0.015357595	0.9846424
428	0.48614632	0.17425101	0.032153763	0.032153763
429	0.14319981	0.034562763	0.16724039	0.83275961
430	0.17433404	0.0024386529	0.029259921	0.97074008
431	0.13834581	0.039537716	0.20399261	0.79600739
432	0.2057277	0.0090662111	0.045318497	0.9546815
433	0.48845112	0.024078231	0.070183062	0.92981694
434	0.28515382	0.24731807	0.0043324649	0.0043324649
435	0.10150993	0.12470853	0.23723307	0.23723307
436	0.4825725	0.14239154	0.1149968	0.1149968
437	0.25418465	0.19585029	0.034843938	0.034843938
438	0.49964684	-0.087873037	6.0988702e-009	0.99999999
439	0.18073747	0.052017276	0.27539637	0.72460363
440	0.31804953	-0.0066907497	0.011101844	0.98889816
441	0.14484764	0.12171909	0.22807676	0.22807676
442	0.14762687	0.037952814	0.18636107	0.81363893
443	0.21090222	-0.0084908685	0.014408748	0.98559125
444	0.18622277	0.0017509661	0.027503787	0.97249621
445	0.37909342	0.042521362	0.17178233	0.82821767
446	0.11264432	0.030530229	0.17339832	0.82660168
447	0.099467629	0.0017371826	0.04952076	0.95047924
448	0.15021187	-0.0031782467	0.02108999	0.97891001
449	0.15673089	0.035791384	0.16657478	0.83342522
450	0.4515998	-0.058194286	3.7661206e-005	0.99996234
451	0.4342872	-0.058161609	2.6409921e-005	0.99997359
452	0.50304515	0.049292501	0.19653213	0.80346787
453	0.39725471	0.088790258	0.46847294	0.46847294
454	0.1036834	0.026886138	0.16397287	0.83602713
455	0.11104996	0.04218301	0.2518261	0.7481739
456	0.11186116	0.046962733	0.2837708	0.7162292
457	0.48444647	0.041691942	0.15160428	0.84839572
458	0.19925343	-0.016163076	0.0070513854	0.99294861
459	0.16223844	0.017638587	0.072690702	0.9273093
460	0.20955266	0.065601147	0.38311158	0.61688842
461	0.11102058	0.042591683	0.25468085	0.74531915
462	0.20062566	0.052149717	0.27443781	0.72556219
463	0.43219631	0.026873161	0.091712686	0.90828731
464	0.47937638	0.19918284	0.010437155	0.010437155
465	0.13818038	0.048909544	0.27278494	0.72721506
466	0.47751506	0.25325499	0.0011177622	0.0011177622
467	0.24578516	0.091828507	0.43188304	0.43188304
468	0.24578516	0.091828507	0.43188304	0.43188304
469	0.48708466	0.088264625	0.47328854	0.47328854
470	0.10105903	0.11175105	0.29152913	0.29152913
471	0.17407935	0.40149984	0.00044910102	0.00044910102
472	0.26698035	0.2346767	0.0083358827	0.0083358827
473	0.47726834	0.10700701	0.3216404	0.3216404
474	0.24394117	0.31497822	0.00043728095	0.00043728095
475	0.27113092	0.29830366	0.0010619365	0.0010619365
476	0.15958762	0.011969717	0.054454399	0.9455456
477	0.25146499	0.074025915	0.41921856	0.58078144
478	0.45415372	0.0070258462	0.027586186	0.97241381
479	0.2012239	0.0055140228	0.035604053	0.96439595
480	0.10164836	0.05190272	0.33507493	0.66492507
481	0.44351694	0.045886239	0.18229535	0.81770465
482	0.43923014	0.015867601	0.051071402	0.9489286
483	0.095448292	0.02958602	0.19121894	0.80878106
484	0.16041449	0.032530272	0.14426879	0.85573121
485	0.49711592	0.021967992	0.0622866	0.9377134
486	0.1278515	0.094464338	0.38363229	0.38363229
487	0.19266086	0.0028038552	0.029465948	0.97053405
488	0.46651196	0.046958876	0.18741705	0.81258295
489	0.050877569	0.002639421	0.12702778	0.87297222
490	0.11541425	-0.00044821939	0.036277052	0.96372295
491	0.43780277	0.15138676	0.10443517	0.10443517
492	0.49687451	0.049263112	0.19681758	0.80318242
493	0.12095958	0.028298914	0.15041239	0.84958761
494	0.22795402	0.063046291	0.36207269	0.63792731
495	0.019716845	0.037255938	0.40050262	0.40050262
496	0.14753478	0.051885045	0.29096882	0.70903118
497	0.4931943	0.0050226834	0.02424293	0.97575707
498	0.093660966	0.08025224	0.45949681	0.45949681
499	0.08656299	0.092021967	0.38376151	0.38376151
500	0.1349998	0.17601234	0.072425675	0.072425675
501	0.22158739	0.04580387	0.23260832	0.76739168
502	0.35273226	0.0043613157	0.022913498	0.9770865
503	0.14999322	0.019123073	0.083027844	0.91697216
504	0.36697485	-0.033028665	0.0013729635	0.99862704
505	0.46247345	-0.018462812	0.0049502548	0.99504975
506	0.46099616	0.11771319	0.25474992	0.25474992
507	0.1453612	-0.009907389	0.012895323	0.98710468
508	0.0955446	-0.029277528	0.0037014829	0.99629852
509	0.23630288	0.062727044	0.35345011	0.64654989
510	0.10596867	0.07898603	0.47764497	0.47764497
511	0.16670711	0.054546163	0.30116048	0.69883952
512	0.12794592	0.16762524	0.093720964	0.093720964
513	0.12794592	0.16762524	0.093720964	0.093720964
514	0.13637314	0.095580644	0.37297724	0.37297724
515	0.13501187	0.049618558	0.28021228	0.71978772
516	0.33874166	0.072823379	0.41777981	0.58222019
517	0.28863443	0.051843295	0.23617722	0.76382278
518	0.49456548	0.012867978	0.038584795	0.96141521
519	0.49814797	0.0038218792	0.022520745	0.97747925
520	0.11504178	0.042994965	0.25112821	0.74887179
521	0.32163903	0.11486709	0.25648373	0.25648373
522	0.49744401	0.044112034	0.16266003	0.83733997
523	0.11813062	-0.0067254179	0.022395709	0.97760429
524	0.14664569	0.17181097	0.072900967	0.072900967
525	0.30260902	0.0041231366	0.029438011	0.97056199
526	0.095838332	0.057398711	0.38196796	0.61803204
527	0.50031257	-0.018968753	0.004256741	0.99574326
528	0.16597499	0.011334379	0.051051655	0.94894834
529	0.14556058	0.13246453	0.18242128	0.18242128
530	0.37978474	-0.026627949	0.0018004746	0.99819953
531	0.38589454	0.12446948	0.21022718	0.21022718
532	0.42734036	0.15301035	0.100857	0.100857
533	0.20290313	0.024781038	0.10132731	0.89867269
534	0.099364423	-0.0046701873	0.032161174	0.96783883
535	0.13893261	0.15004458	0.12748841	0.12748841
536	0.27857848	0.088824317	0.48241812	0.48241812
537	0.13563593	0.0085455765	0.053010021	0.94698998
538	0.45915214	0.062638554	0.30335005	0.69664995
539	0.24417614	0.060562489	0.32619734	0.67380266
540	0.099080075	0.024029324	0.15261251	0.84738749
541	0.029908731	0.15886659	0.090378268	0.090378268
542	0.49232562	0.25975176	0.00046120158	0.00046120158
543	0.099170429	0.01379958	0.097642208	0.90235779
544	0.34833805	0.060548032	0.31031089	0.68968911
545	0.34833805	0.060548032	0.31031089	0.68968911
546	0.11281913	0.035326535	0.20298483	0.79701517
547	0.120555	0.17303252	0.091040464	0.091040464
548	0.31400112	0.030005096	0.11296043	0.88703957
549	0.046558974	0.035124141	0.34671278	0.65328722
550	0.3383031	0.10711689	0.30396064	0.30396064
551	0.38208172	0.11829422	0.24267878	0.24267878
552	0.069345418	0.036705266	0.28653969	0.71346031
553	0.062970596	0.0060734681	0.10540357	0.89459643
554	0.49695418	0.11561421	0.25903746	0.25903746
555	0.50475285	0.12661464	0.1902428	0.1902428
556	0.096432408	0.22921984	0.047401113	0.047401113
557	0.35711905	0.08597299	0.46997334	0.46997334
558	0.33709985	0.051879723	0.24238422	0.75761578
559	0.14282465	0.028525603	0.13217674	0.86782326
560	0.19619566	0.15664158	0.094565687	0.094565687
561	0.24048498	0.072469458	0.42407583	0.57592417
562	0.22052326	-0.0048234513	0.019120768	0.98087923
563	0.44536377	0.053367053	0.2311175	0.7688825
564	0.46894189	0.096602948	0.40497896	0.40497896
565	0.13252788	0.094875283	0.37851004	0.37851004
566	0.1238742	0.1053405	0.32192084	0.32192084
567	0.39273289	0.002237103	0.022935848	0.97706415
568	0.11726429	0.032156945	0.17732396	0.82267604
569	0.27344675	0.032391894	0.12692155	0.87307845
570	0.46967593	0.096151144	0.4083728	0.4083728
571	0.46967593	0.096151144	0.4083728	0.4083728
572	0.11626347	0.17185005	0.097517475	0.097517475
573	0.19883254	0.057527709	0.31660053	0.68339947
574	0.34543483	0.20308814	0.013155625	0.013155625
575	0.49783836	0.18925541	0.01650527	0.01650527
576	0.34323363	0.0094099762	0.03368634	0.96631366
577	0.30124016	0.047716743	0.21431448	0.78568552
578	0.21939114	0.0027323263	0.031893467	0.96810653
579	0.16058152	0.034079112	0.15338539	0.84661461
580	0.25896091	-0.0048283947	0.018498233	0.98150177
581	0.38930728	0.070024228	0.38006349	0.61993651
582	0.27114116	0.084914695	0.48841105	0.51158895
583	0.48290473	0.0084490739	0.030017257	0.96998274
584	0.13916931	0.18303314	0.060035207	0.060035207
585	0.095681806	0.020003162	0.13354073	0.86645927
586	0.13162954	0.042582718	0.23069671	0.76930329
587	0.13162954	0.042582718	0.23069671	0.76930329
588	0.50340127	0.069673618	0.36016173	0.63983827
589	0.43409076	0.093431944	0.45018254	0.45018254
590	0.43409076	0.093431944	0.45018254	0.45018254
591	0.24437776	-0.0046792017	0.019071153	0.98092885
592	0.16259872	-0.0012829339	0.023247136	0.97675286
593	0.16259872	-0.0012829339	0.023247136	0.97675286
594	0.14620159	0.042401287	0.21781427	0.78218573
595	0.21125242	0.0095037078	0.047601518	0.95239848
597	0.49225133	0.05161437	0.21479747	0.78520253
598	0.10704798	-0.0017552549	0.036000562	0.96399944
599	0.095886485	0.045946405	0.30076946	0.69923054
600	0.1037883	-0.02134273	0.0075695687	0.99243043
601	0.44570257	0.087433803	0.49204741	0.49204741
602	0.12084935	0.037370523	0.20567058	0.79432942
603	0.19595568	0.36173593	0.00065128731	0.00065128731
604	0.14024176	0.14275835	0.14968802	0.14968802
605	0.4810107	0.51001041	3.3029911e-093	3.3029911e-093
606	0.36539493	0.54919271	2.8949628e-122	2.8949628e-122
607	0.29850775	0.25893556	0.0020445647	0.0020445647
608	0.20835487	0.069446293	0.41264638	0.58735362
609	0.21019603	0.087916379	0.44410847	0.44410847
610	0.10302509	-0.019751936	0.0088882756	0.99111172
611	0.47527379	0.060793472	0.2905666	0.7094334
612	0.47527379	0.060793472	0.2905666	0.7094334
613	0.42626885	0.039419086	0.15208643	0.84791357
614	0.49571969	-0.021741932	0.0034413361	0.99655866
615	0.51517541	-0.10018327	4.3970389e-011	1
616	0.15322212	0.1286427	0.19038828	0.19038828
617	0.25398527	0.1765346	0.059915036	0.059915036
618	0.041673109	0.053515616	0.46785124	0.46785124
619	0.034489332	0.075198763	0.31160679	0.31160679
620	0.32553721	0.064776158	0.35041693	0.64958307
621	0.33849665	0.12850929	0.17736261	0.17736261
622	0.33849665	0.12850929	0.17736261	0.17736261
623	0.15780853	0.025905056	0.11007526	0.88992474
624	0.49403917	0.065048848	0.32240186	0.67759814
625	0.2601073	0.083370771	0.48472467	0.51527533
626	0.2601073	0.083370771	0.48472467	0.51527533
627	0.098461518	0.044572895	0.28748977	0.71251023
628	0.49443587	0.081938733	0.47010216	0.52989784
629	0.48636015	0.055829154	0.24860106	0.75139894
630	0.34075557	0.092546645	0.41488784	0.41488784
631	0.097786387	0.039145882	0.25109256	0.74890744
632	0.40155749	0.070989145	0.38115648	0.61884352
633	0.17183277	0.063153792	0.37274112	0.62725888
634	0.1610139	0.064122515	0.38775778	0.61224222
635	0.14285878	0.0091594642	0.051082678	0.94891732
636	0.26009152	0.023485177	0.091954951	0.90804505
637	0.12143668	0.096956013	0.37018046	0.37018046
638	0.12657471	0.083924611	0.45356561	0.45356561
639	0.30294594	-0.011644311	0.0083600292	0.99163997
640	0.43656371	0.08430849	0.47841052	0.52158948
641	0.4313767	-0.059920457	1.6273649e-005	0.99998373
642	0.46406097	0.11969428	0.23810932	0.23810932
643	0.044204333	0.0014664837	0.17145901	0.82854099
644	0.037428975	0.10382327	0.20670864	0.20670864
645	0.4924213	0.083458476	0.48386534	0.51613466
646	0.30106145	0.020966057	0.076995259	0.92300474
647	0.18186495	0.070275109	0.43020976	0.56979024
648	0.35061615	0.013279771	0.041803868	0.95819613
649	0.31972242	-0.0085439251	0.0092405441	0.99075946
650	0.19377858	-0.0026494127	0.020353184	0.97964682
651	0.37437797	-0.022735239	0.0025343684	0.99746563
652	0.18997925	0.10849938	0.29523925	0.29523925
653	0.18997925	0.10849938	0.29523925	0.29523925
654	0.057788779	0.016548253	0.17706705	0.82293295
655	0.019717312	0.037278719	0.40041328	0.40041328
656	0.1019299	0.089423802	0.4079641	0.4079641
657	0.48896659	0.2323781	0.0027309594	0.0027309594
658	0.41934809	0.091455511	0.46449644	0.46449644
659	0.13889843	0.064960098	0.40246879	0.59753121
660	0.2713657	0.17479606	0.061418894	0.061418894
661	0.21063951	0.028252618	0.12140061	0.87859939
662	0.11318865	0.16652752	0.11029173	0.11029173
663	0.1038754	0.050015933	0.31827738	0.68172262
664	0.15637844	0.18915014	0.046038716	0.046038716
665	0.10829742	0.092614634	0.39300055	0.39300055
666	0.23915922	0.097913398	0.38024287	0.38024287
667	0.20421208	0.22239906	0.019632493	0.019632493
668	0.11183513	0.17586764	0.094342418	0.094342418
669	0.26959504	0.16542753	0.078969383	0.078969383
670	0.2103828	0.16258903	0.083148208	0.083148208
671	0.37003735	0.2552848	0.00157064	0.00157064
672	0.19323556	0.097550368	0.36809645	0.36809645
673	0.31984252	0.14901012	0.10065628	0.10065628
674	0.28753713	0.23189211	0.0076111792	0.0076111792
675	0.50374788	0.24991984	0.00076164551	0.00076164551
676	0.15105879	0.19169536	0.045274151	0.045274151
677	0.50091608	0.12306657	0.2108857	0.2108857
678	0.055304964	0.16260359	0.13873886	0.13873886
679	0.38118057	0.098499555	0.37875894	0.37875894
680	0.19524839	0.29089348	0.0026051401	0.0026051401
681	0.50036514	0.017104468	0.048678231	0.95132177
682	0.48101536	-0.009042363	0.0095748353	0.99042516
683	0.23215137	0.0059914917	0.038318756	0.96168124
684	0.11916164	0.10658469	0.31669643	0.31669643
685	0.34535754	0.0065764874	0.027669604	0.9723304
686	0.22979814	-0.037804222	0.00050019745	0.9994998
687	0.22979814	-0.037804222	0.00050019745	0.9994998
688	0.099443476	0.0044653304	0.058500636	0.94149936
689	0.11579688	0.031495499	0.17532137	0.82467863
690	0.10295501	0.087766827	0.41867718	0.41867718
691	0.37856217	0.053524067	0.2479031	0.7520969
692	0.095762945	0.044715609	0.29233105	0.70766895
693	0.42581117	0.089034683	0.48523803	0.48523803
694	0.10164887	-0.0043406001	0.032014871	0.96798513
695	0.13448588	0.019269443	0.093550015	0.90644999
696	0.16641393	0.039137582	0.18218679	0.81781321
697	0.16641393	0.039137582	0.18218679	0.81781321
698	0.10407271	-0.00023892312	0.041384654	0.95861535
699	0.053425269	0.039269433	0.34788447	0.65211553
700	0.16896915	0.0057687211	0.036355603	0.9636444
701	0.30979166	0.00036659365	0.021603374	0.97839663
702	0.37530742	0.063829338	0.33190267	0.66809733
703	0.35813906	0.085911654	0.47058482	0.47058482
704	0.10698392	0.05940139	0.3813163	0.6186837
705	0.12559197	0.019825143	0.10266677	0.89733323
706	0.50324382	0.032919674	0.10286292	0.89713708
707	0.48522405	0.1219571	0.21813097	0.21813097
708	0.18143424	0.028766652	0.11849834	0.88150166
709	0.14804351	0.091363842	0.39547282	0.39547282
710	0.10129111	0.059848157	0.39259494	0.60740506
711	0.17420213	0.055400891	0.30459848	0.69540152
712	0.16185408	-0.011011689	0.010957841	0.98904216
713	0.137713	0.058789458	0.35243091	0.64756909
714	0.50075107	-0.022698012	0.0030726464	0.99692735
715	0.49854495	0.012107848	0.037009907	0.96299009
716	0.11378435	-0.021060226	0.0068888771	0.99311112
717	0.50208591	0.040911127	0.14332227	0.85667773
718	0.11255444	0.0094368415	0.068126236	0.93187376
719	0.15689997	0.11538048	0.25038667	0.25038667
720	0.35437626	0.057444075	0.28385345	0.71614655
721	0.27418566	0.049258905	0.21959868	0.78040132
722	0.12957459	0.070421318	0.44690114	0.55309886
723	0.25505066	0.013749914	0.058080054	0.94191995
724	0.50102346	0.0076852174	0.028642828	0.97135717
725	0.36451832	0.08995801	0.43831214	0.43831214
726	0.48308669	0.093722251	0.42684344	0.42684344
727	0.12847993	0.24159509	0.019933486	0.019933486
728	0.44229365	0.0072968054	0.03018156	0.96981844
729	0.48415405	-0.021619899	0.0037197186	0.99628028
730	0.26292211	0.045342465	0.20110108	0.79889892
731	0.096070916	0.020004794	0.13313276	0.86686724
732	0.40876057	0.067164609	0.34359056	0.65640944
733	0.13472415	0.0045706341	0.0421666	0.9578334
734	0.098480725	0.048049164	0.31185237	0.68814763
735	0.1822766	0.060074249	0.34260547	0.65739453
736	0.37032654	0.050943804	0.22967773	0.77032227
737	0.11894568	0.021700895	0.11702887	0.88297113
738	0.052182576	0.003476877	0.12286863	0.87713137
739	0.14881063	0.035817338	0.17162311	0.82837689
740	0.12505519	0.2629898	0.014166091	0.014166091
741	0.29976367	-0.019386612	0.0039678184	0.99603218
742	0.11813395	0.022342276	0.12107024	0.87892976
743	0.10141611	0.013399613	0.09369374	0.90630626
744	0.49741502	-0.074592784	5.2918541e-007	0.99999947
745	0.49741502	-0.074592784	5.2918541e-007	0.99999947
746	0.15151606	0.044138712	0.22783052	0.77216948
747	0.48057084	-0.0062733462	0.01158725	0.98841275
748	0.14525366	0.043490327	0.22651524	0.77348476
749	0.13167778	0.029366179	0.14630943	0.85369057
750	0.46979345	0.13824617	0.13612151	0.13612151
751	0.14352299	0.013896707	0.066182099	0.9338179
752	0.12795785	0.0041627293	0.043599242	0.95640076
753	0.15319399	0.0766284	0.49653346	0.50346654
754	0.47453977	0.021785321	0.06352307	0.93647693
755	0.095945689	0.061101934	0.40816045	0.59183955
756	0.2249673	0.16785513	0.073327012	0.073327012
757	0.13101403	-0.022939617	0.0048368619	0.99516314
758	0.4944796	0.017373948	0.049382456	0.95061754
759	0.48565465	-0.012332946	0.007571359	0.99242864
760	0.42381786	-0.0091517956	0.0097109411	0.99028906
761	0.24133804	-0.019913091	0.00520942	0.99479058
762	0.2008766	0.21261824	0.024913599	0.024913599
763	0.10571729	0.049084665	0.30879057	0.69120943
764	0.49459417	0.060859247	0.28683217	0.71316783
765	0.13452184	0.035186785	0.17862365	0.82137635
766	0.34065128	0.098245888	0.36941705	0.36941705
767	0.38955387	-0.019599338	0.0029375775	0.99706242
768	0.27619227	0.007956785	0.039120294	0.96087971
769	0.48495272	0.040255745	0.14325542	0.85674458
770	0.18351364	-0.022332549	0.0039962938	0.99600371
771	0.30958799	0.050207951	0.23483889	0.76516111
772	0.096261551	0.18033494	0.10007698	0.10007698
773	0.14144659	-0.011088762	0.012380917	0.98761908
774	0.060736203	-0.035512246	0.0036975568	0.99630244
775	0.18610773	0.023202356	0.092450447	0.90754955
776	0.3425872	0.079241396	0.47266532	0.52733468
777	0.22342824	0.051687449	0.27595998	0.72404002
778	0.19013004	0.17590851	0.059249104	0.059249104
779	0.10347787	0.062065559	0.40589469	0.59410531
780	0.13065591	0.04498169	0.24839987	0.75160013
782	0.50161331	0.049893295	0.20086125	0.79913875
783	0.18369715	-0.00056134207	0.023469668	0.97653033
784	0.48857121	0.056642362	0.25445332	0.74554668
785	0.23544339	0.29882666	0.001088135	0.001088135
786	0.41182169	0.10576625	0.3534242	0.3534242
787	0.49485574	0.072728993	0.38900616	0.61099384
788	0.14001258	0.060772132	0.3674316	0.6325684
789	0.12107083	0.0098521464	0.064565899	0.9354341
790	0.1077819	0.3305414	0.0047127552	0.0047127552
791	0.10204874	-0.004229208	0.032135255	0.96786475
792	0.10821542	0.016213813	0.10067555	0.89932445
793	0.40934143	0.00794393	0.036136269	0.96386373
794	0.10563851	0.29386538	0.012229147	0.012229147
795	0.37184431	-0.0032116879	0.013077332	0.98692267
796	0.14924859	0.097697155	0.35358021	0.35358021
797	0.18159823	0.10375008	0.31899435	0.31899435
798	0.18776739	0.076073546	0.47554288	0.52445712
799	0.18718425	-0.011652164	0.010241249	0.98975875
800	0.13405829	0.023320648	0.11260987	0.88739013
801	0.063359061	0.066311701	0.49757023	0.50242977
802	0.13351614	0.0070789201	0.049684994	0.95031501
803	0.10213779	-0.0031404585	0.034676752	0.96532325
804	0.49381666	0.038592941	0.1315925	0.8684075
805	0.071589023	0.050655493	0.37562085	0.62437915
806	0.29418828	0.14453554	0.12859133	0.12859133
807	0.12750229	0.078880158	0.48920332	0.48920332
808	0.23236464	0.008067738	0.043510005	0.95649
809	0.3110998	-0.0023030523	0.017374974	0.98262503
810	0.17466224	0.027172999	0.11029732	0.88970268
811	0.16971447	0.035869847	0.1591641	0.8408359
812	0.42251396	0.036119126	0.1358721	0.8641279
813	0.46337149	0.023830267	0.071431756	0.92856824
814	0.2151446	0.032782146	0.14786852	0.85213148
815	0.11576073	-0.019844477	0.007550008	0.99244999
816	0.10525195	0.050864543	0.32218916	0.67781084
817	0.060958992	0.024548345	0.22347547	0.77652453
818	0.078401179	0.00090182853	0.062919304	0.9370807
819	0.30324377	0.029255261	0.1114673	0.8885327
820	0.16187841	0.013099065	0.057304732	0.94269527
821	0.11215436	-0.0020268482	0.03356487	0.96643513
822	0.3787377	0.051115984	0.23010523	0.76989477
823	0.41808792	0.03147213	0.1141635	0.8858365
824	0.43896237	0.17708001	0.039864489	0.039864489
825	0.095000689	0.019797864	0.1329986	0.8670014
826	0.29866051	0.0060837125	0.033712558	0.96628744
827	0.12437732	0.021146945	0.10970958	0.89029042
828	0.18578283	0.0222635	0.08829485	0.91170515
829	0.45200697	0.24922436	0.002016754	0.002016754
830	0.50212614	0.03941914	0.13501176	0.86498824
831	0.15159276	0.0035292654	0.033639483	0.96636052
832	0.49534018	-0.082646525	4.8453242e-008	0.99999995
833	0.49534018	-0.082646525	4.8453242e-008	0.99999995
834	0.17060585	0.099377186	0.3419577	0.3419577
835	0.10177729	0.08681003	0.42368612	0.42368612
836	0.18159952	0.037976488	0.17231394	0.82768606
837	0.0938866	-0.0040132292	0.036354001	0.963646
838	0.027930992	0.027661606	0.48974231	0.48974231
839	0.18650513	-0.0034140135	0.019241638	0.98075836
840	0.11091816	0.024979192	0.14358086	0.85641914
841	0.49837831	0.037612086	0.12553964	0.87446036
842	0.49205811	0.11835384	0.24091174	0.24091174
843	0.10712966	0.1247254	0.23659096	0.23659096
844	0.037699879	0.22148012	0.042387662	0.042387662
845	0.10582526	0.034206523	0.206732	0.793268
846	0.38691954	-0.0037845159	0.013327131	0.98667287
847	0.38691954	-0.0037845159	0.013327131	0.98667287
848	0.35574417	0.062282736	0.32472785	0.67527215
849	0.46121941	0.0072998808	0.027618991	0.97238101
850	0.46493355	0.015230112	0.044773164	0.95522684
851	0.12990474	0.15787643	0.11400375	0.11400375
852	0.097668611	0.081697328	0.4534301	0.4534301
853	0.15678067	-0.010906292	0.011041481	0.98895852
854	0.44626344	0.0083131971	0.030970124	0.96902988
855	0.10608344	0.071897937	0.47320169	0.52679831
856	0.22930031	0.015418518	0.066131359	0.93386864
857	0.21401396	0.045921738	0.23367549	0.76632451
858	0.11442042	0.050492581	0.30529209	0.69470791
859	0.13166805	0.21547314	0.033507788	0.033507788
860	0.16243233	0.54310921	1.2620123e-018	1.2620123e-018
861	0.27844652	0.091782182	0.45919652	0.45919652
862	0.13341255	0.14030493	0.16321043	0.16321043
863	0.11615939	0.10032263	0.35151203	0.35151203
864	0.10176323	0.050475827	0.32471793	0.67528207
865	0.12635132	0.056662644	0.33994209	0.66005791
866	0.26345932	0.12207259	0.25011446	0.25011446
867	0.26345932	0.12207259	0.25011446	0.25011446
868	0.33583446	0.0077501747	0.030909349	0.96909065
869	0.34044255	-0.0035630134	0.012974838	0.98702516
870	0.18148617	-0.013450913	0.0087826284	0.99121737
871	0.47429358	0.12041461	0.22941519	0.22941519
872	0.45159592	0.059746783	0.27935439	0.72064561
873	0.1306336	0.090594238	0.40725858	0.40725858
874	0.21875156	0.28239701	0.0015762568	0.0015762568
875	0.50229323	0.033591908	0.10595251	0.89404749
876	0.18352466	-0.020194238	0.0048751745	0.99512483
877	0.12478033	0.023097415	0.11909584	0.88090416
878	0.49392414	0.018170635	0.051438234	0.94856177
880	0.46247414	0.040601325	0.14892857	0.85107143
881	0.17877535	0.014890292	0.060356749	0.93964325
882	0.19563477	0.039420217	0.18239237	0.81760763
883	0.18737288	0.017439436	0.069304841	0.93069516
884	0.30563249	0.067930512	0.36627136	0.63372864
885	0.18868435	0.13365982	0.1642612	0.1642612
886	0.150211	0.027287871	0.12094912	0.87905088
887	0.16193051	0.15229738	0.10306092	0.10306092
888	0.14228789	0.017927714	0.08221894	0.91778106
889	0.14009488	0.077648709	0.49736263	0.49736263
890	0.18828556	0.014863694	0.060354113	0.93964589
891	0.14657781	0.033277851	0.15663995	0.84336005
892	0.34188344	0.12912708	0.17427202	0.17427202
893	0.17356869	0.012902632	0.054633966	0.94536603
894	0.38055049	0.037462494	0.14226124	0.85773876
895	0.37386845	0.11651757	0.24717094	0.24717094
896	0.23606603	0.0064493822	0.039425355	0.96057464
897	0.11947548	0.032362821	0.17573239	0.82426761
898	0.3672569	0.028310426	0.093403118	0.90659688
899	0.3672569	0.028310426	0.093403118	0.90659688
900	0.21918089	0.01877506	0.079801125	0.92019887
901	0.2181176	0.01975863	0.083902765	0.91609724
902	0.13654846	0.02682562	0.12848293	0.87151707
903	0.11936837	0.028301292	0.15199903	0.84800097
904	0.10891808	-0.018151601	0.00958335	0.99041665
905	0.10295877	0.10481692	0.32441082	0.32441082
906	0.19224828	0.0073624782	0.039297989	0.96070201
907	0.35948473	0.054433586	0.25906547	0.74093453
908	0.11272229	-0.027411806	0.0036560958	0.9963439
909	0.15372941	0.031119467	0.14008373	0.85991627
910	0.39068799	0.059253474	0.29322576	0.70677424
911	0.13526664	0.23795467	0.018104718	0.018104718
912	0.12323038	-0.046413067	0.00041035644	0.99958964
913	0.27547622	0.029165868	0.11161722	0.88838278
914	0.15092556	0.058895559	0.34820134	0.65179866
915	0.5238444	0.20026635	0.009794772	0.009794772
916	0.47963946	0.22472328	0.0039247416	0.0039247416
917	0.44504126	0.00016234278	0.018538174	0.98146183
918	0.17542271	0.044248991	0.21554942	0.78445058
919	0.34464248	0.053057644	0.24936295	0.75063705
920	0.51194339	0.35278994	4.6400536e-019	4.6400536e-019
921	0.51444749	0.32931173	3.3930083e-013	3.3930083e-013
922	0.11539903	0.029147407	0.1618552	0.8381448
923	0.31423474	0.057338838	0.28925487	0.71074513
924	0.47514423	-0.038096517	0.00079819795	0.9992018
925	0.23188603	0.029839592	0.13106175	0.86893825
926	0.13202977	0.34089746	0.0019444839	0.0019444839
927	0.16806027	0.14665184	0.11749377	0.11749377
928	0.2717582	0.041925304	0.17689725	0.82310275
929	0.19543344	0.030399234	0.1280501	0.8719499
930	0.098214611	0.019661232	0.12883318	0.87116682
931	0.38407764	0.0730845	0.40759344	0.59240656
932	0.45545312	-0.011740293	0.0080333029	0.9919667
933	0.14324229	0.051005252	0.28598558	0.71401442
934	0.2384767	0.09188376	0.42351361	0.42351361
935	0.2165607	0.11143888	0.28266253	0.28266253
936	0.11827208	0.0062956505	0.053890379	0.94610962
937	0.1764408	0.039013597	0.17877757	0.82122243
938	0.14081324	0.049058981	0.2716413	0.7283587
939	0.27061633	0.053389886	0.24724716	0.75275284
940	0.14697802	0.096465593	0.36319386	0.36319386
941	0.26023817	0.068926691	0.36833818	0.63166182
942	0.50065903	-0.0079348165	0.010132498	0.9898675
943	0.17522385	0.038013414	0.1721914	0.8278086
944	0.24635792	0.03247101	0.13880734	0.86119266
945	0.24732034	0.071316709	0.40483842	0.59516158
946	0.11797148	0.040382038	0.22882096	0.77117904
947	0.49977191	-0.093458958	6.7281956e-010	1
948	0.17350862	-0.019771856	0.0051907463	0.99480925
949	0.44810163	0.10211395	0.37555089	0.37555089
950	0.5033122	0.025266856	0.072910342	0.92708966
951	0.11281929	0.024150405	0.13639185	0.86360815
952	0.19760951	0.06313031	0.36245898	0.63754102
953	0.11928378	0.11466653	0.27640826	0.27640826
954	0.29386514	0.69242237	4.48618e-208	4.48618e-208
955	0.29386514	0.69242237	4.48618e-208	4.48618e-208
956	0.33557913	0.057635513	0.28856374	0.71143626
957	0.12791359	0.18670974	0.062938379	0.062938379
958	0.37143167	0.0080861377	0.030200921	0.96979908
959	0.44604365	0.0048946065	0.025019264	0.97498074
960	0.47232032	0.044737696	0.1723757	0.8276243
961	0.31697208	0.010449247	0.040807031	0.95919297
962	0.28068071	0.008877763	0.040716915	0.95928308
963	0.28068071	0.008877763	0.040716915	0.95928308
964	0.096848684	-0.016598849	0.012908797	0.9870912
965	0.096222997	0.030796764	0.19800358	0.80199642
967	0.50044526	-0.094689804	3.9235997e-010	1
968	0.42816906	0.050836841	0.21920761	0.78079239
969	0.11236076	-0.01262488	0.014910464	0.98508954
970	0.10338971	0.1848635	0.087806179	0.087806179
971	0.15254867	0.14349443	0.13538697	0.13538697
972	0.10900561	0.14997925	0.15292336	0.15292336
973	0.49838178	0.019506323	0.05500727	0.94499273
974	0.1181494	-0.0007582973	0.034478172	0.96552183
975	0.42293956	0.20546652	0.0098923661	0.0098923661
976	0.27268432	0.0043654988	0.031842265	0.96815773
977	0.3600174	0.03241901	0.11323679	0.88676321
978	0.33546191	0.0035289166	0.022918207	0.97708179
979	0.11785616	0.038149452	0.21420927	0.78579073
980	0.12757235	-0.00041510331	0.032408423	0.96759158
981	0.13398706	0.27172393	0.0090666176	0.0090666176
982	0.18265961	0.085245627	0.44775891	0.44775891
983	0.22425626	0.099437985	0.36206387	0.36206387
984	0.43087401	0.017959627	0.060181578	0.93981842
985	0.02992935	0.047372205	0.41045749	0.41045749
986	0.097860553	0.021859556	0.14154701	0.85845299
987	0.29075251	0.025506243	0.094543318	0.90545668
988	0.28950755	0.083071183	0.47368544	0.52631456
989	0.24436112	0.046662928	0.22602986	0.77397014
990	0.36099271	0.013266652	0.041519523	0.95848048
991	0.33201183	0.0073896276	0.030543208	0.96945679
992	0.30723091	0.062637332	0.32655955	0.67344045
993	0.46662076	0.088831932	0.46884771	0.46884771
994	0.12485338	0.30138501	0.0062854041	0.0062854041
995	0.12068249	0.23786483	0.026380027	0.026380027
996	0.03931655	0.018875667	0.36046177	0.63953823
997	0.11068538	0.15456513	0.13992667	0.13992667
998	0.11070723	-0.0030456952	0.031754324	0.96824568
999	0.14874278	0.015102405	0.068091367	0.93190863
1000	0.16248038	-0.0060198248	0.016347069	0.98365293
1001	0.17235737	-0.027633811	0.0025167104	0.99748329
1002	0.17235737	-0.027633811	0.0025167104	0.99748329
1003	0.46222078	0.1013793	0.37160718	0.37160718
1004	0.15401688	0.63619559	2.3763154e-056	2.3763154e-056
1005	0.19458646	0.47110425	6.8956905e-021	6.8956905e-021
1006	0.055124729	0.143789	0.17276165	0.17276165
1007	0.35737188	0.0011398678	0.017991808	0.98200819
1008	0.50387927	0.22132359	0.0034655791	0.0034655791
1009	0.23185457	-0.013584222	0.0093035323	0.99069647
1010	0.46998088	0.20355361	0.0084946782	0.0084946782
1011	0.46081564	0.16959805	0.046125343	0.046125343
1012	0.11155514	0.10177628	0.34290498	0.34290498
1013	0.45978574	0.01449913	0.042704767	0.95729523
1014	0.18471451	0.14808715	0.11305562	0.11305562
1015	0.18441524	0.14670466	0.11700859	0.11700859
1016	0.12640842	-0.01950203	0.006899721	0.99310028
1017	0.15986392	0.057628728	0.33249092	0.66750908
1018	0.11874368	0.11617309	0.26995177	0.26995177
1019	0.031618907	-0.034330585	0.0048769316	0.99512307
1020	0.49537097	-0.0041571025	0.013265853	0.98673415
1021	0.40483489	0.045116641	0.19145353	0.80854647
1022	0.24106288	0.079511928	0.47871489	0.52128511
1023	0.24106288	0.079511928	0.47871489	0.52128511
1024	0.45455531	0.41426247	3.7088713e-037	3.7088713e-037
1025	0.096307115	0.33982876	0.0059439818	0.0059439818
1026	0.14300234	-0.02281217	0.0043442416	0.99565576
1027	0.134904	0.0074045998	0.050025471	0.94997453
1028	0.18120405	0.024307437	0.09684932	0.90315068
1029	0.3931804	0.043568151	0.18433758	0.81566242
1030	0.25468874	0.13076782	0.2008586	0.2008586
1031	0.47185367	0.03910476	0.13922493	0.86077507
1032	0.44023258	0.043566245	0.16984729	0.83015271
1033	0.3393168	0.11552545	0.24844544	0.24844544
1037	0.49353699	0.07329184	0.39437416	0.60562584
1038	0.25393497	0.26789825	0.0025485	0.0025485
1039	0.36612708	0.00059106599	0.017434162	0.98256584
1040	0.51006901	0.1621075	0.0522809	0.0522809
1041	0.12896377	0.060895336	0.37204919	0.62795081
1042	0.45359318	0.054431124	0.23820406	0.76179594
1043	0.45882956	0.057876248	0.26449917	0.73550083
1044	0.45352147	0.11813916	0.25567441	0.25567441
1045	0.066951179	0.052072896	0.39693068	0.60306932
1046	0.22425974	0.07126354	0.42695743	0.57304257
1047	0.020269555	0.047993845	0.35930442	0.35930442
1048	0.22708616	0.14046641	0.146613	0.146613
1049	0.22708616	0.14046641	0.146613	0.146613
1050	0.25579716	0.12693475	0.22064386	0.22064386
1051	0.15622518	-0.01336219	0.0089364797	0.99106352
1052	0.18892602	0.019089578	0.075383465	0.92461653
1053	0.072547452	-0.024545801	0.010041805	0.98995819
1054	0.22974691	-0.00073385437	0.024742854	0.97525715
1055	0.063151761	0.20549004	0.08188628	0.08188628
1056	0.17861824	0.099241267	0.34670485	0.34670485
1057	0.24014923	-0.0029770392	0.021361289	0.97863871
1058	0.34200699	-0.045387763	0.0004084434	0.99959156
1059	0.12411749	0.071009362	0.45254011	0.54745989
1060	0.24521884	-0.012904231	0.010180285	0.98981972
1061	0.24521884	-0.012904231	0.010180285	0.98981972
1062	0.1710958	0.097733997	0.35298082	0.35298082
1063	0.27301346	0.064571832	0.32622276	0.67377724
1064	0.030955938	0.021091531	0.45290872	0.54709128
1065	0.028533152	0.12690351	0.12622851	0.12622851
1066	0.21477395	-0.010069701	0.01295261	0.98704739
1067	0.32756128	0.011209788	0.040133532	0.95986647
1068	0.38124978	0.04569926	0.19310334	0.80689666
1069	0.482971	0.01810273	0.052068668	0.94793133
1070	0.15624935	-0.0001947243	0.025569592	0.97443041
